pygame 1.9.4
Hello from the pygame community. https://www.pygame.org/contribute.html
Iterations: 
50
Init states: [(0, 2), (2, 5)]
Goal states: [(0, 0), (5, 2)]
Wall states: [(0, 4), (1, 2), (2, 1), (2, 4), (3, 4), (4, 2), (4, 3), (5, 1), (5, 5)]
2
2
0
1
fioles =  [(5, 2), (0, 0)]
nbPlayers  2
CHEMINS INITIAUX = [[], []]
ROW =  6
COL =  6
pause= [0, 0]
Joueur =  0
DEBUT ITER =  (0, 2)
[(0, 4), (1, 2), (2, 1), (2, 4), (3, 4), (4, 2), (4, 3), (5, 1), (5, 5), (6, 0), (6, 1), (6, 2), (6, 3), (6, 4), (6, 5), (0, 6), (1, 6), (2, 6), (3, 6), (4, 6), (5, 6)]
Nombre d'étapes de la solution: 11
12
PAUSE 0
RESERVATION = 0
-1
DEBUT ITER =  (0, 3)
[(0, 4), (1, 2), (2, 1), (2, 4), (3, 4), (4, 2), (4, 3), (5, 1), (5, 5), (6, 0), (6, 1), (6, 2), (6, 3), (6, 4), (6, 5), (0, 6), (1, 6), (2, 6), (3, 6), (4, 6), (5, 6)]
Nombre d'étapes de la solution: 10
11
PAUSE 0
RESERVATION = 0
0
DEBUT ITER =  (1, 3)
[(0, 4), (1, 2), (2, 1), (2, 4), (3, 4), (4, 2), (4, 3), (5, 1), (5, 5), (6, 0), (6, 1), (6, 2), (6, 3), (6, 4), (6, 5), (0, 6), (1, 6), (2, 6), (3, 6), (4, 6), (5, 6)]
Nombre d'étapes de la solution: 9
10
PAUSE 0
RESERVATION = 0
0
DEBUT ITER =  (1, 4)
[(0, 4), (1, 2), (2, 1), (2, 4), (3, 4), (4, 2), (4, 3), (5, 1), (5, 5), (6, 0), (6, 1), (6, 2), (6, 3), (6, 4), (6, 5), (0, 6), (1, 6), (2, 6), (3, 6), (4, 6), (5, 6)]
Nombre d'étapes de la solution: 8
9
PAUSE 0
RESERVATION = 0
0
DEBUT ITER =  (1, 5)
[(0, 4), (1, 2), (2, 1), (2, 4), (3, 4), (4, 2), (4, 3), (5, 1), (5, 5), (6, 0), (6, 1), (6, 2), (6, 3), (6, 4), (6, 5), (0, 6), (1, 6), (2, 6), (3, 6), (4, 6), (5, 6)]
Nombre d'étapes de la solution: 7
8
PAUSE 0
RESERVATION = 0
0
DEBUT ITER =  (2, 5)
[(0, 4), (1, 2), (2, 1), (2, 4), (3, 4), (4, 2), (4, 3), (5, 1), (5, 5), (6, 0), (6, 1), (6, 2), (6, 3), (6, 4), (6, 5), (0, 6), (1, 6), (2, 6), (3, 6), (4, 6), (5, 6)]
Nombre d'étapes de la solution: 6
7
PAUSE 0
RESERVATION = 0
0
DEBUT ITER =  (3, 5)
[(0, 4), (1, 2), (2, 1), (2, 4), (3, 4), (4, 2), (4, 3), (5, 1), (5, 5), (6, 0), (6, 1), (6, 2), (6, 3), (6, 4), (6, 5), (0, 6), (1, 6), (2, 6), (3, 6), (4, 6), (5, 6)]
Nombre d'étapes de la solution: 5
6
PAUSE 0
RESERVATION = 0
0
DEBUT ITER =  (4, 5)
[(0, 4), (1, 2), (2, 1), (2, 4), (3, 4), (4, 2), (4, 3), (5, 1), (5, 5), (6, 0), (6, 1), (6, 2), (6, 3), (6, 4), (6, 5), (0, 6), (1, 6), (2, 6), (3, 6), (4, 6), (5, 6)]
Nombre d'étapes de la solution: 4
5
PAUSE 0
RESERVATION = 0
0
DEBUT ITER =  (4, 4)
[(0, 4), (1, 2), (2, 1), (2, 4), (3, 4), (4, 2), (4, 3), (5, 1), (5, 5), (6, 0), (6, 1), (6, 2), (6, 3), (6, 4), (6, 5), (0, 6), (1, 6), (2, 6), (3, 6), (4, 6), (5, 6)]
Nombre d'étapes de la solution: 3
4
PAUSE 0
RESERVATION = 0
0
DEBUT ITER =  (5, 4)
[(0, 4), (1, 2), (2, 1), (2, 4), (3, 4), (4, 2), (4, 3), (5, 1), (5, 5), (6, 0), (6, 1), (6, 2), (6, 3), (6, 4), (6, 5), (0, 6), (1, 6), (2, 6), (3, 6), (4, 6), (5, 6)]
Nombre d'étapes de la solution: 2
3
PAUSE 0
RESERVATION = 0
0
DEBUT ITER =  (5, 3)
[(0, 4), (1, 2), (2, 1), (2, 4), (3, 4), (4, 2), (4, 3), (5, 1), (5, 5), (6, 0), (6, 1), (6, 2), (6, 3), (6, 4), (6, 5), (0, 6), (1, 6), (2, 6), (3, 6), (4, 6), (5, 6)]
Nombre d'étapes de la solution: 1
2
PAUSE 0
RESERVATION = 0
0
DEBUT ITER =  (5, 2)
[(0, 4), (1, 2), (2, 1), (2, 4), (3, 4), (4, 2), (4, 3), (5, 1), (5, 5), (6, 0), (6, 1), (6, 2), (6, 3), (6, 4), (6, 5), (0, 6), (1, 6), (2, 6), (3, 6), (4, 6), (5, 6)]
Nombre d'étapes de la solution: 0
1
Joueur =  1
DEBUT ITER =  (2, 5)
[(0, 4), (1, 2), (2, 1), (2, 4), (3, 4), (4, 2), (4, 3), (5, 1), (5, 5), (6, 0), (6, 1), (6, 2), (6, 3), (6, 4), (6, 5), (0, 6), (1, 6), (2, 6), (3, 6), (4, 6), (5, 6)]
Nombre d'étapes de la solution: 7
8
PAUSE 0
RESERVATION = 0
-1
DEBUT ITER =  (1, 5)
[(0, 4), (1, 2), (2, 1), (2, 4), (3, 4), (4, 2), (4, 3), (5, 1), (5, 5), (6, 0), (6, 1), (6, 2), (6, 3), (6, 4), (6, 5), (0, 6), (1, 6), (2, 6), (3, 6), (4, 6), (5, 6)]
Nombre d'étapes de la solution: 6
7
PAUSE 0
RESERVATION = 1
c avant= (1, 4)
collisions= [(0, 4), (1, 2), (2, 1), (2, 4), (3, 4), (4, 2), (4, 3), (5, 1), (5, 5), (6, 0), (6, 1), (6, 2), (6, 3), (6, 4), (6, 5), (0, 6), (1, 6), (2, 6), (3, 6), (4, 6), (5, 6), (1, 4)]
Nombre d'étapes de la solution: 7
c apres= (2, 5)
Nombre d'étapes de la solution: 2
DEBUT ITER =  (0, 5)
[(0, 4), (1, 2), (2, 1), (2, 4), (3, 4), (4, 2), (4, 3), (5, 1), (5, 5), (6, 0), (6, 1), (6, 2), (6, 3), (6, 4), (6, 5), (0, 6), (1, 6), (2, 6), (3, 6), (4, 6), (5, 6), (1, 4), (2, 5)]
Nombre d'étapes de la solution: 2
3
PAUSE 1
RESERVATION = 1
Nombre d'étapes de la solution: 0
FIOLE NOT IN TEMP
temp chemin =  [(1, 5), (0, 5), (0, 5)]
DEBUT ITER =  (0, 5)
[(0, 4), (1, 2), (2, 1), (2, 4), (3, 4), (4, 2), (4, 3), (5, 1), (5, 5), (6, 0), (6, 1), (6, 2), (6, 3), (6, 4), (6, 5), (0, 6), (1, 6), (2, 6), (3, 6), (4, 6), (5, 6), (1, 4), (2, 5), (1, 5)]
Nombre d'étapes de la solution: 0
1
DEBUT ITER =  (0, 5)
[(0, 4), (1, 2), (2, 1), (2, 4), (3, 4), (4, 2), (4, 3), (5, 1), (5, 5), (6, 0), (6, 1), (6, 2), (6, 3), (6, 4), (6, 5), (0, 6), (1, 6), (2, 6), (3, 6), (4, 6), (5, 6), (1, 4), (2, 5), (1, 5)]
Nombre d'étapes de la solution: 0
1
DEBUT ITER =  (0, 5)
[(0, 4), (1, 2), (2, 1), (2, 4), (3, 4), (4, 2), (4, 3), (5, 1), (5, 5), (6, 0), (6, 1), (6, 2), (6, 3), (6, 4), (6, 5), (0, 6), (1, 6), (2, 6), (3, 6), (4, 6), (5, 6), (1, 4), (2, 5), (1, 5)]
Nombre d'étapes de la solution: 0
1
DEBUT ITER =  (0, 5)
[(0, 4), (1, 2), (2, 1), (2, 4), (3, 4), (4, 2), (4, 3), (5, 1), (5, 5), (6, 0), (6, 1), (6, 2), (6, 3), (6, 4), (6, 5), (0, 6), (1, 6), (2, 6), (3, 6), (4, 6), (5, 6), (1, 4), (2, 5), (1, 5)]
Nombre d'étapes de la solution: 0
1
DEBUT ITER =  (0, 5)
[(0, 4), (1, 2), (2, 1), (2, 4), (3, 4), (4, 2), (4, 3), (5, 1), (5, 5), (6, 0), (6, 1), (6, 2), (6, 3), (6, 4), (6, 5), (0, 6), (1, 6), (2, 6), (3, 6), (4, 6), (5, 6), (1, 4), (2, 5), (1, 5)]
Nombre d'étapes de la solution: 0
1
DEBUT ITER =  (0, 5)
[(0, 4), (1, 2), (2, 1), (2, 4), (3, 4), (4, 2), (4, 3), (5, 1), (5, 5), (6, 0), (6, 1), (6, 2), (6, 3), (6, 4), (6, 5), (0, 6), (1, 6), (2, 6), (3, 6), (4, 6), (5, 6), (1, 4), (2, 5), (1, 5)]
Nombre d'étapes de la solution: 0
1
DEBUT ITER =  (0, 5)
[(0, 4), (1, 2), (2, 1), (2, 4), (3, 4), (4, 2), (4, 3), (5, 1), (5, 5), (6, 0), (6, 1), (6, 2), (6, 3), (6, 4), (6, 5), (0, 6), (1, 6), (2, 6), (3, 6), (4, 6), (5, 6), (1, 4), (2, 5), (1, 5)]
Nombre d'étapes de la solution: 0
1
DEBUT ITER =  (0, 5)
[(0, 4), (1, 2), (2, 1), (2, 4), (3, 4), (4, 2), (4, 3), (5, 1), (5, 5), (6, 0), (6, 1), (6, 2), (6, 3), (6, 4), (6, 5), (0, 6), (1, 6), (2, 6), (3, 6), (4, 6), (5, 6), (1, 4), (2, 5), (1, 5)]
Nombre d'étapes de la solution: 0
1
DEBUT ITER =  (0, 5)
[(0, 4), (1, 2), (2, 1), (2, 4), (3, 4), (4, 2), (4, 3), (5, 1), (5, 5), (6, 0), (6, 1), (6, 2), (6, 3), (6, 4), (6, 5), (0, 6), (1, 6), (2, 6), (3, 6), (4, 6), (5, 6), (1, 4), (2, 5), (1, 5)]
Nombre d'étapes de la solution: 0
1
DEBUT ITER =  (0, 5)
[(0, 4), (1, 2), (2, 1), (2, 4), (3, 4), (4, 2), (4, 3), (5, 1), (5, 5), (6, 0), (6, 1), (6, 2), (6, 3), (6, 4), (6, 5), (0, 6), (1, 6), (2, 6), (3, 6), (4, 6), (5, 6), (1, 4), (2, 5), (1, 5)]
Nombre d'étapes de la solution: 0
1
DEBUT ITER =  (0, 5)
[(0, 4), (1, 2), (2, 1), (2, 4), (3, 4), (4, 2), (4, 3), (5, 1), (5, 5), (6, 0), (6, 1), (6, 2), (6, 3), (6, 4), (6, 5), (0, 6), (1, 6), (2, 6), (3, 6), (4, 6), (5, 6), (1, 4), (2, 5), (1, 5)]
Nombre d'étapes de la solution: 0
1
DEBUT ITER =  (0, 5)
[(0, 4), (1, 2), (2, 1), (2, 4), (3, 4), (4, 2), (4, 3), (5, 1), (5, 5), (6, 0), (6, 1), (6, 2), (6, 3), (6, 4), (6, 5), (0, 6), (1, 6), (2, 6), (3, 6), (4, 6), (5, 6), (1, 4), (2, 5), (1, 5)]
Nombre d'étapes de la solution: 0
1
DEBUT ITER =  (0, 5)
[(0, 4), (1, 2), (2, 1), (2, 4), (3, 4), (4, 2), (4, 3), (5, 1), (5, 5), (6, 0), (6, 1), (6, 2), (6, 3), (6, 4), (6, 5), (0, 6), (1, 6), (2, 6), (3, 6), (4, 6), (5, 6), (1, 4), (2, 5), (1, 5)]
Nombre d'étapes de la solution: 0
1
DEBUT ITER =  (0, 5)
[(0, 4), (1, 2), (2, 1), (2, 4), (3, 4), (4, 2), (4, 3), (5, 1), (5, 5), (6, 0), (6, 1), (6, 2), (6, 3), (6, 4), (6, 5), (0, 6), (1, 6), (2, 6), (3, 6), (4, 6), (5, 6), (1, 4), (2, 5), (1, 5)]
Nombre d'étapes de la solution: 0
1
DEBUT ITER =  (0, 5)
[(0, 4), (1, 2), (2, 1), (2, 4), (3, 4), (4, 2), (4, 3), (5, 1), (5, 5), (6, 0), (6, 1), (6, 2), (6, 3), (6, 4), (6, 5), (0, 6), (1, 6), (2, 6), (3, 6), (4, 6), (5, 6), (1, 4), (2, 5), (1, 5)]
Nombre d'étapes de la solution: 0
1
DEBUT ITER =  (0, 5)
[(0, 4), (1, 2), (2, 1), (2, 4), (3, 4), (4, 2), (4, 3), (5, 1), (5, 5), (6, 0), (6, 1), (6, 2), (6, 3), (6, 4), (6, 5), (0, 6), (1, 6), (2, 6), (3, 6), (4, 6), (5, 6), (1, 4), (2, 5), (1, 5)]
Nombre d'étapes de la solution: 0
1
DEBUT ITER =  (0, 5)
[(0, 4), (1, 2), (2, 1), (2, 4), (3, 4), (4, 2), (4, 3), (5, 1), (5, 5), (6, 0), (6, 1), (6, 2), (6, 3), (6, 4), (6, 5), (0, 6), (1, 6), (2, 6), (3, 6), (4, 6), (5, 6), (1, 4), (2, 5), (1, 5)]
Nombre d'étapes de la solution: 0
1
DEBUT ITER =  (0, 5)
[(0, 4), (1, 2), (2, 1), (2, 4), (3, 4), (4, 2), (4, 3), (5, 1), (5, 5), (6, 0), (6, 1), (6, 2), (6, 3), (6, 4), (6, 5), (0, 6), (1, 6), (2, 6), (3, 6), (4, 6), (5, 6), (1, 4), (2, 5), (1, 5)]
Nombre d'étapes de la solution: 0
1
DEBUT ITER =  (0, 5)
[(0, 4), (1, 2), (2, 1), (2, 4), (3, 4), (4, 2), (4, 3), (5, 1), (5, 5), (6, 0), (6, 1), (6, 2), (6, 3), (6, 4), (6, 5), (0, 6), (1, 6), (2, 6), (3, 6), (4, 6), (5, 6), (1, 4), (2, 5), (1, 5)]
Nombre d'étapes de la solution: 0
1
DEBUT ITER =  (0, 5)
[(0, 4), (1, 2), (2, 1), (2, 4), (3, 4), (4, 2), (4, 3), (5, 1), (5, 5), (6, 0), (6, 1), (6, 2), (6, 3), (6, 4), (6, 5), (0, 6), (1, 6), (2, 6), (3, 6), (4, 6), (5, 6), (1, 4), (2, 5), (1, 5)]
Nombre d'étapes de la solution: 0
1
DEBUT ITER =  (0, 5)
[(0, 4), (1, 2), (2, 1), (2, 4), (3, 4), (4, 2), (4, 3), (5, 1), (5, 5), (6, 0), (6, 1), (6, 2), (6, 3), (6, 4), (6, 5), (0, 6), (1, 6), (2, 6), (3, 6), (4, 6), (5, 6), (1, 4), (2, 5), (1, 5)]
Nombre d'étapes de la solution: 0
1
DEBUT ITER =  (0, 5)
[(0, 4), (1, 2), (2, 1), (2, 4), (3, 4), (4, 2), (4, 3), (5, 1), (5, 5), (6, 0), (6, 1), (6, 2), (6, 3), (6, 4), (6, 5), (0, 6), (1, 6), (2, 6), (3, 6), (4, 6), (5, 6), (1, 4), (2, 5), (1, 5)]
Nombre d'étapes de la solution: 0
1
DEBUT ITER =  (0, 5)
[(0, 4), (1, 2), (2, 1), (2, 4), (3, 4), (4, 2), (4, 3), (5, 1), (5, 5), (6, 0), (6, 1), (6, 2), (6, 3), (6, 4), (6, 5), (0, 6), (1, 6), (2, 6), (3, 6), (4, 6), (5, 6), (1, 4), (2, 5), (1, 5)]
Nombre d'étapes de la solution: 0
1
DEBUT ITER =  (0, 5)
[(0, 4), (1, 2), (2, 1), (2, 4), (3, 4), (4, 2), (4, 3), (5, 1), (5, 5), (6, 0), (6, 1), (6, 2), (6, 3), (6, 4), (6, 5), (0, 6), (1, 6), (2, 6), (3, 6), (4, 6), (5, 6), (1, 4), (2, 5), (1, 5)]
Nombre d'étapes de la solution: 0
1
DEBUT ITER =  (0, 5)
[(0, 4), (1, 2), (2, 1), (2, 4), (3, 4), (4, 2), (4, 3), (5, 1), (5, 5), (6, 0), (6, 1), (6, 2), (6, 3), (6, 4), (6, 5), (0, 6), (1, 6), (2, 6), (3, 6), (4, 6), (5, 6), (1, 4), (2, 5), (1, 5)]
Nombre d'étapes de la solution: 0
1
DEBUT ITER =  (0, 5)
[(0, 4), (1, 2), (2, 1), (2, 4), (3, 4), (4, 2), (4, 3), (5, 1), (5, 5), (6, 0), (6, 1), (6, 2), (6, 3), (6, 4), (6, 5), (0, 6), (1, 6), (2, 6), (3, 6), (4, 6), (5, 6), (1, 4), (2, 5), (1, 5)]
Nombre d'étapes de la solution: 0
1
DEBUT ITER =  (0, 5)
[(0, 4), (1, 2), (2, 1), (2, 4), (3, 4), (4, 2), (4, 3), (5, 1), (5, 5), (6, 0), (6, 1), (6, 2), (6, 3), (6, 4), (6, 5), (0, 6), (1, 6), (2, 6), (3, 6), (4, 6), (5, 6), (1, 4), (2, 5), (1, 5)]
Nombre d'étapes de la solution: 0
1
DEBUT ITER =  (0, 5)
[(0, 4), (1, 2), (2, 1), (2, 4), (3, 4), (4, 2), (4, 3), (5, 1), (5, 5), (6, 0), (6, 1), (6, 2), (6, 3), (6, 4), (6, 5), (0, 6), (1, 6), (2, 6), (3, 6), (4, 6), (5, 6), (1, 4), (2, 5), (1, 5)]
Nombre d'étapes de la solution: 0
1
DEBUT ITER =  (0, 5)
[(0, 4), (1, 2), (2, 1), (2, 4), (3, 4), (4, 2), (4, 3), (5, 1), (5, 5), (6, 0), (6, 1), (6, 2), (6, 3), (6, 4), (6, 5), (0, 6), (1, 6), (2, 6), (3, 6), (4, 6), (5, 6), (1, 4), (2, 5), (1, 5)]
Nombre d'étapes de la solution: 0
1
DEBUT ITER =  (0, 5)
[(0, 4), (1, 2), (2, 1), (2, 4), (3, 4), (4, 2), (4, 3), (5, 1), (5, 5), (6, 0), (6, 1), (6, 2), (6, 3), (6, 4), (6, 5), (0, 6), (1, 6), (2, 6), (3, 6), (4, 6), (5, 6), (1, 4), (2, 5), (1, 5)]
Nombre d'étapes de la solution: 0
1
DEBUT ITER =  (0, 5)
[(0, 4), (1, 2), (2, 1), (2, 4), (3, 4), (4, 2), (4, 3), (5, 1), (5, 5), (6, 0), (6, 1), (6, 2), (6, 3), (6, 4), (6, 5), (0, 6), (1, 6), (2, 6), (3, 6), (4, 6), (5, 6), (1, 4), (2, 5), (1, 5)]
Nombre d'étapes de la solution: 0
1
DEBUT ITER =  (0, 5)
[(0, 4), (1, 2), (2, 1), (2, 4), (3, 4), (4, 2), (4, 3), (5, 1), (5, 5), (6, 0), (6, 1), (6, 2), (6, 3), (6, 4), (6, 5), (0, 6), (1, 6), (2, 6), (3, 6), (4, 6), (5, 6), (1, 4), (2, 5), (1, 5)]
Nombre d'étapes de la solution: 0
1
DEBUT ITER =  (0, 5)
[(0, 4), (1, 2), (2, 1), (2, 4), (3, 4), (4, 2), (4, 3), (5, 1), (5, 5), (6, 0), (6, 1), (6, 2), (6, 3), (6, 4), (6, 5), (0, 6), (1, 6), (2, 6), (3, 6), (4, 6), (5, 6), (1, 4), (2, 5), (1, 5)]
Nombre d'étapes de la solution: 0
1
DEBUT ITER =  (0, 5)
[(0, 4), (1, 2), (2, 1), (2, 4), (3, 4), (4, 2), (4, 3), (5, 1), (5, 5), (6, 0), (6, 1), (6, 2), (6, 3), (6, 4), (6, 5), (0, 6), (1, 6), (2, 6), (3, 6), (4, 6), (5, 6), (1, 4), (2, 5), (1, 5)]
Nombre d'étapes de la solution: 0
1
DEBUT ITER =  (0, 5)
[(0, 4), (1, 2), (2, 1), (2, 4), (3, 4), (4, 2), (4, 3), (5, 1), (5, 5), (6, 0), (6, 1), (6, 2), (6, 3), (6, 4), (6, 5), (0, 6), (1, 6), (2, 6), (3, 6), (4, 6), (5, 6), (1, 4), (2, 5), (1, 5)]
Nombre d'étapes de la solution: 0
1
DEBUT ITER =  (0, 5)
[(0, 4), (1, 2), (2, 1), (2, 4), (3, 4), (4, 2), (4, 3), (5, 1), (5, 5), (6, 0), (6, 1), (6, 2), (6, 3), (6, 4), (6, 5), (0, 6), (1, 6), (2, 6), (3, 6), (4, 6), (5, 6), (1, 4), (2, 5), (1, 5)]
Nombre d'étapes de la solution: 0
1
DEBUT ITER =  (0, 5)
[(0, 4), (1, 2), (2, 1), (2, 4), (3, 4), (4, 2), (4, 3), (5, 1), (5, 5), (6, 0), (6, 1), (6, 2), (6, 3), (6, 4), (6, 5), (0, 6), (1, 6), (2, 6), (3, 6), (4, 6), (5, 6), (1, 4), (2, 5), (1, 5)]
Nombre d'étapes de la solution: 0
1
DEBUT ITER =  (0, 5)
[(0, 4), (1, 2), (2, 1), (2, 4), (3, 4), (4, 2), (4, 3), (5, 1), (5, 5), (6, 0), (6, 1), (6, 2), (6, 3), (6, 4), (6, 5), (0, 6), (1, 6), (2, 6), (3, 6), (4, 6), (5, 6), (1, 4), (2, 5), (1, 5)]
Nombre d'étapes de la solution: 0
1
DEBUT ITER =  (0, 5)
[(0, 4), (1, 2), (2, 1), (2, 4), (3, 4), (4, 2), (4, 3), (5, 1), (5, 5), (6, 0), (6, 1), (6, 2), (6, 3), (6, 4), (6, 5), (0, 6), (1, 6), (2, 6), (3, 6), (4, 6), (5, 6), (1, 4), (2, 5), (1, 5)]
Nombre d'étapes de la solution: 0
1
DEBUT ITER =  (0, 5)
[(0, 4), (1, 2), (2, 1), (2, 4), (3, 4), (4, 2), (4, 3), (5, 1), (5, 5), (6, 0), (6, 1), (6, 2), (6, 3), (6, 4), (6, 5), (0, 6), (1, 6), (2, 6), (3, 6), (4, 6), (5, 6), (1, 4), (2, 5), (1, 5)]
Nombre d'étapes de la solution: 0
1
DEBUT ITER =  (0, 5)
[(0, 4), (1, 2), (2, 1), (2, 4), (3, 4), (4, 2), (4, 3), (5, 1), (5, 5), (6, 0), (6, 1), (6, 2), (6, 3), (6, 4), (6, 5), (0, 6), (1, 6), (2, 6), (3, 6), (4, 6), (5, 6), (1, 4), (2, 5), (1, 5)]
Nombre d'étapes de la solution: 0
1
DEBUT ITER =  (0, 5)
[(0, 4), (1, 2), (2, 1), (2, 4), (3, 4), (4, 2), (4, 3), (5, 1), (5, 5), (6, 0), (6, 1), (6, 2), (6, 3), (6, 4), (6, 5), (0, 6), (1, 6), (2, 6), (3, 6), (4, 6), (5, 6), (1, 4), (2, 5), (1, 5)]
Nombre d'étapes de la solution: 0
1
DEBUT ITER =  (0, 5)
[(0, 4), (1, 2), (2, 1), (2, 4), (3, 4), (4, 2), (4, 3), (5, 1), (5, 5), (6, 0), (6, 1), (6, 2), (6, 3), (6, 4), (6, 5), (0, 6), (1, 6), (2, 6), (3, 6), (4, 6), (5, 6), (1, 4), (2, 5), (1, 5)]
Nombre d'étapes de la solution: 0
1
DEBUT ITER =  (0, 5)
[(0, 4), (1, 2), (2, 1), (2, 4), (3, 4), (4, 2), (4, 3), (5, 1), (5, 5), (6, 0), (6, 1), (6, 2), (6, 3), (6, 4), (6, 5), (0, 6), (1, 6), (2, 6), (3, 6), (4, 6), (5, 6), (1, 4), (2, 5), (1, 5)]
Nombre d'étapes de la solution: 0
1
DEBUT ITER =  (0, 5)
[(0, 4), (1, 2), (2, 1), (2, 4), (3, 4), (4, 2), (4, 3), (5, 1), (5, 5), (6, 0), (6, 1), (6, 2), (6, 3), (6, 4), (6, 5), (0, 6), (1, 6), (2, 6), (3, 6), (4, 6), (5, 6), (1, 4), (2, 5), (1, 5)]
Nombre d'étapes de la solution: 0
1
DEBUT ITER =  (0, 5)
[(0, 4), (1, 2), (2, 1), (2, 4), (3, 4), (4, 2), (4, 3), (5, 1), (5, 5), (6, 0), (6, 1), (6, 2), (6, 3), (6, 4), (6, 5), (0, 6), (1, 6), (2, 6), (3, 6), (4, 6), (5, 6), (1, 4), (2, 5), (1, 5)]
Nombre d'étapes de la solution: 0
1
DEBUT ITER =  (0, 5)
[(0, 4), (1, 2), (2, 1), (2, 4), (3, 4), (4, 2), (4, 3), (5, 1), (5, 5), (6, 0), (6, 1), (6, 2), (6, 3), (6, 4), (6, 5), (0, 6), (1, 6), (2, 6), (3, 6), (4, 6), (5, 6), (1, 4), (2, 5), (1, 5)]
Nombre d'étapes de la solution: 0
1
pos : 0 0 3
pos : 1 1 5
pos : 0 1 3
pos : 1 0 5
pos : 0 1 4
pos : 1 0 5
pos : 0 1 5
pos : 1 0 5
pos : 0 2 5
pos : 1 0 5
pos : 0 3 5
pos : 1 0 5
pos : 0 4 5
pos : 1 0 5
pos : 0 4 4
pos : 1 0 5
pos : 0 5 4
